2,0,0,00:00:00:00.00
3,0,0,00:00:00:00.00
4,2,1,00:00:00:00.00
5,10,2,00:00:00:00.00
6,4,1,00:00:00:00.00
7,40,6,00:00:00:00.00
8,92,12,00:00:00:00.00
9,352,46,00:00:00:00.00
10,724,92,00:00:00:00.00
11,2680,341,00:00:00:00.00
12,14200,1787,00:00:00:00.00
13,73712,9233,00:00:00:00.00
14,365596,45752,00:00:00:00.01
15,2279184,285053,00:00:00:00.11
16,14772512,1846955,00:00:00:00.67
17,95815104,11977939,00:00:00:04.41
18,666090624,83263591,00:00:00:33.88
19,4968057848,621012754,00:00:04:22.25
20,39029188884,4878666808,00:00:34:26.79
21,314666222712,39333324973,00:04:44:55.30
22,2691008701644,336376244042,01:17:12:40.88
